source,target,pvalue0,7,1786.6261,7,368.272,7,62688.9023,8,766446.5963,9,13742.3624,7,166.9124,8,723887.1574,9,307183.4355,8,640348.8065,9,39029.8446,8,975287.4576,9,8727.6467,0,1786.6267,1,368.277,2,62688.9027,3,68026.0457,4,166.9128,3,766446.5968,4,723887.1578,5,640348.8068,6,975287.4579,3,13742.3629,4,307183.4359,5,39029.8449,6,8727.64610,14,510.72411,15,27754.41312,15,4278.27613,15,1322.0714,10,510.72415,11,27754.41315,12,4278.27615,13,1322.07
