source,target,pvalue0,4,2.08E-540,5,2.11E-150,6,3.29E-810,7,4.74E-510,8,3.62E-120,9,1.14E-080,10,4.37E-110,11,1.88E-120,12,0.0017866260,13,6.44E-140,14,1.37E-050,15,4.09E-640,16,1.32E-850,17,3.33E-160,18,3.12E-680,19,2.49E-860,20,4.44E-160,21,8.40E-360,22,1.11E-161,4,3.50E-561,5,2.22E-161,6,5.26E-841,7,1.33E-151,8,6.04E-141,9,4.08E-101,10,2.66E-121,11,2.89E-141,12,0.000368271,13,4.73E-161,14,8.44E-081,15,4.44E-161,16,4.23E-901,17,1.11E-161,18,1.11E-151,19,01,20,1.15E-1581,21,3.80E-401,22,9.87E-1002,4,2.22E-162,5,5.23E-552,6,1.25E-712,7,4.11E-432,8,9.37E-102,9,2.22E-072,10,1.11E-082,11,4.93E-102,12,0.0626889022,13,3.85E-112,14,4.62E-072,15,8.86E-722,16,2.43E-912,17,1.15E-842,18,1.06E-722,19,1.53E-872,20,2.80E-1612,21,1.11E-162,22,3.81E-1013,4,1.33E-153,5,1.44E-153,6,1.11E-163,7,1.01E-383,8,1.78E-103,9,2.55E-073,10,3.00E-083,11,9.34E-113,12,0.0680260453,13,6.80E-123,14,1.21E-063,15,1.09E-653,16,2.51E-853,17,1.85E-803,18,2.34E-683,19,1.11E-153,20,2.87E-1483,21,7.23E-373,22,04,0,2.08E-544,1,3.50E-564,2,2.22E-164,3,1.33E-154,8,1.44E-154,9,2.39E-214,10,5.55E-164,11,8.88E-164,12,1.47E-384,13,1.67E-154,14,2.22E-154,15,04,16,4.44E-164,17,2.22E-164,18,6.66E-164,19,1.46E-914,20,1.69E-1624,21,9.99E-164,22,5.74E-1155,0,2.11E-155,1,2.22E-165,2,5.23E-555,3,1.44E-155,8,2.41E-225,9,2.61E-245,10,5.29E-225,11,4.19E-225,12,4.44E-165,13,4.10E-245,14,05,15,2.22E-165,16,1.11E-155,17,1.33E-155,18,5.55E-165,19,1.11E-155,20,05,21,8.84E-525,22,1.38E-1276,0,3.29E-816,1,5.26E-846,2,1.25E-716,3,1.11E-166,8,2.89E-156,9,5.59E-386,10,2.00E-156,11,6.66E-166,12,06,13,1.33E-156,14,2.55E-156,15,1.44E-156,16,06,17,2.74E-976,18,8.43E-846,19,6.66E-166,20,9.99E-166,21,1.33E-156,22,1.22E-157,0,4.74E-517,1,1.33E-157,2,4.11E-437,3,1.01E-387,8,1.32E-137,9,1.72E-147,10,1.61E-127,11,2.00E-137,12,3.10E-347,13,4.21E-147,14,1.44E-157,15,1.11E-167,16,6.66E-167,17,1.89E-157,18,1.67E-157,19,6.54E-997,20,3.33E-167,21,6.55E-497,22,8.88E-168,0,3.62E-128,1,6.04E-148,2,9.37E-108,3,1.78E-108,4,1.44E-158,5,2.41E-228,6,2.89E-158,7,1.32E-138,12,9.79E-068,13,0.7664465968,14,0.0137423628,15,4.44E-168,16,3.15E-958,17,1.50E-838,18,08,19,1.11E-158,20,3.33E-168,21,2.38E-438,22,2.22E-169,0,1.14E-089,1,4.08E-109,2,2.22E-079,3,2.55E-079,4,2.39E-219,5,2.61E-249,6,5.59E-389,7,1.72E-149,12,0.0001669129,13,0.7238871579,14,0.3071834359,15,2.08E-729,16,2.55E-929,17,1.10E-829,18,1.67E-159,19,2.22E-169,20,6.85E-1689,21,1.46E-419,22,5.31E-10210,0,4.37E-1110,1,2.66E-1210,2,1.11E-0810,3,3.00E-0810,4,5.55E-1610,5,5.29E-2210,6,2.00E-1510,7,1.61E-1210,12,1.58E-0510,13,0.64034880610,14,0.03902984410,15,4.44E-1610,16,1.06E-8810,17,2.91E-8310,18,3.06E-7110,19,8.88E-1610,20,2.09E-15810,21,7.07E-4010,22,1.14E-9811,0,1.88E-1211,1,2.89E-1411,2,4.93E-1011,3,9.34E-1111,4,8.88E-1611,5,4.19E-2211,6,6.66E-1611,7,2.00E-1311,12,5.28E-0611,13,0.97528745711,14,0.00872764611,15,1.86E-7211,16,3.33E-1611,17,2.22E-1611,18,011,19,011,20,9.99E-1611,21,1.89E-1511,22,9.99E-1612,0,0.00178662612,1,0.0003682712,2,0.06268890212,3,0.06802604512,4,1.47E-3812,5,4.44E-1612,6,012,7,3.10E-3412,8,9.79E-0612,9,0.00016691212,10,1.58E-0512,11,5.28E-0612,15,3.22E-7212,16,8.88E-1612,17,9.99E-1612,18,4.73E-7512,19,4.44E-1612,20,7.77E-1612,21,7.77E-1612,22,1.11E-1613,0,6.44E-1413,1,4.73E-1613,2,3.85E-1113,3,6.80E-1213,4,1.67E-1513,5,4.10E-2413,6,1.33E-1513,7,4.21E-1413,8,0.76644659613,9,0.72388715713,10,0.64034880613,11,0.97528745713,15,2.24E-8113,16,1.55E-1513,17,1.11E-1613,18,2.41E-8213,19,013,20,1.89E-1513,21,2.35E-4613,22,6.66E-1614,0,1.37E-0514,1,8.44E-0814,2,4.62E-0714,3,1.21E-0614,4,2.22E-1514,5,014,6,2.55E-1514,7,1.44E-1514,8,0.01374236214,9,0.30718343514,10,0.03902984414,11,0.00872764614,15,8.07E-8414,16,4.30E-10614,17,1.10E-9714,18,4.15E-8414,19,6.81E-9614,20,2.53E-19314,21,1.32E-4714,22,4.44E-1615,0,4.09E-6415,1,4.44E-1615,2,8.86E-7215,3,1.09E-6515,4,015,5,2.22E-1615,6,1.44E-1515,7,1.11E-1615,8,4.44E-1615,9,2.08E-7215,10,4.44E-1615,11,1.86E-7215,12,3.22E-7215,13,2.24E-8115,14,8.07E-8415,19,4.09E-1715,20,5.33E-3115,21,0.00051072415,22,4.26E-0516,0,1.32E-8516,1,4.23E-9016,2,2.43E-9116,3,2.51E-8516,4,4.44E-1616,5,1.11E-1516,6,016,7,6.66E-1616,8,3.15E-9516,9,2.55E-9216,10,1.06E-8816,11,3.33E-1616,12,8.88E-1616,13,1.55E-1516,14,4.30E-10616,19,2.66E-1016,20,3.33E-1616,21,7.59E-1016,22,0.02775441317,0,3.33E-1617,1,1.11E-1617,2,1.15E-8417,3,1.85E-8017,4,2.22E-1617,5,1.33E-1517,6,2.74E-9717,7,1.89E-1517,8,1.50E-8317,9,1.10E-8217,10,2.91E-8317,11,2.22E-1617,12,9.99E-1617,13,1.11E-1617,14,1.10E-9717,19,6.92E-1317,20,2.31E-2217,21,3.03E-0917,22,0.00427827618,0,3.12E-6818,1,1.11E-1518,2,1.06E-7218,3,2.34E-6818,4,6.66E-1618,5,5.55E-1618,6,8.43E-8418,7,1.67E-1518,8,018,9,1.67E-1518,10,3.06E-7118,11,018,12,4.73E-7518,13,2.41E-8218,14,4.15E-8418,19,1.23E-1318,20,9.99E-1618,21,2.39E-0718,22,0.0013220719,0,2.49E-8619,1,019,2,1.53E-8719,3,1.11E-1519,4,1.46E-9119,5,1.11E-1519,6,6.66E-1619,7,6.54E-9919,8,1.11E-1519,9,2.22E-1619,10,8.88E-1619,11,019,12,4.44E-1619,13,019,14,6.81E-9619,15,4.09E-1719,16,2.66E-1019,17,6.92E-1319,18,1.23E-1320,0,4.44E-1620,1,1.15E-15820,2,2.80E-16120,3,2.87E-14820,4,1.69E-16220,5,020,6,9.99E-1620,7,3.33E-1620,8,3.33E-1620,9,6.85E-16820,10,2.09E-15820,11,9.99E-1620,12,7.77E-1620,13,1.89E-1520,14,2.53E-19320,15,5.33E-3120,16,3.33E-1620,17,2.31E-2220,18,9.99E-1621,0,8.40E-3621,1,3.80E-4021,2,1.11E-1621,3,7.23E-3721,4,9.99E-1621,5,8.84E-5221,6,1.33E-1521,7,6.55E-4921,8,2.38E-4321,9,1.46E-4121,10,7.07E-4021,11,1.89E-1521,12,7.77E-1621,13,2.35E-4621,14,1.32E-4721,15,0.00051072421,16,7.59E-1021,17,3.03E-0921,18,2.39E-0722,0,1.11E-1622,1,9.87E-10022,2,3.81E-10122,3,022,4,5.74E-11522,5,1.38E-12722,6,1.22E-1522,7,8.88E-1622,8,2.22E-1622,9,5.31E-10222,10,1.14E-9822,11,9.99E-1622,12,1.11E-1622,13,6.66E-1622,14,4.44E-1622,15,4.26E-0522,16,0.02775441322,17,0.00427827622,18,0.00132207
